20 20 20 20 20 20 20
-9 -10
-8 -10
-6 -10
-5 -10
-4 -9
-3 -7
-2 -6
-2 -4
-3 -4
-4 -3
-5 -3
-7 -3
-8 -3
-8 -3
-11 -4
-11 -5
-11 -6
-11 -7
-11 -8
-11 -9
-8 -10
-7 -10
-6 -10
-5 -10
-4 -10
-3 -9
-3 -9
-2 -7
-3 -5
-3 -4
-4 -4
-5 -3
-7 -3
-7 -3
-10 -3
-10 -3
-11 -4
-11 -5
-11 -6
-11 -7
-8 -10
-6 -10
-4 -10
-3 -10
-2 -9
-2 -9
-2 -7
-3 -5
-4 -5
-5 -4
-5 -3
-7 -3
-7 -3
-11 -3
-11 -3
-11 -4
-11 -5
-11 -6
-11 -7
-11 -8
-10 -10
-9 -10
-9 -10
-8 -9
-6 -9
-6 -8
-5 -7
-4 -6
-3 -5
-3 -4
-2 -3
-2 -3
-3 -2
-4 -3
-5 -3
-7 -4
-8 -5
-10 -6
-11 -8
-11 -8
-10 -10
-11 -10
-10 -10
-9 -10
-8 -10
-8 -10
-6 -10
-5 -8
-4 -9
-3 -7
-3 -6
-3 -5
-3 -3
-3 -2
-4 -2
-5 -2
-6 -3
-8 -5
-9 -6
-11 -9
-9 -10
-9 -10
-6 -10
-5 -10
-4 -9
-3 -7
-2 -7
-2 -5
-3 -4
-3 -3
-5 -3
-7 -3
-8 -2
-8 -3
-10 -4
-11 -5
-11 -5
-11 -6
-11 -9
-11 -9
-9 -8
-8 -6
-7 -4
-5 -3
-4 -3
-3 -4
-3 -4
-3 -4
-4 -4
-4 -5
-4 -4
-4 -4
-4 -5
-4 -5
-4 -4
-4 -4
-4 -4
-6 -6
-11 -8
-11 -9
0 -1
